325 325
325 300
325 275
325 275
300 275
275 275
250 275
225 275
200 275
200 275
175 275
150 275
125 275
100 275
75 275
75 275
75 250
75 225
75 200
75 200
75 175
75 150
75 125
75 100
75 100
75 100
50 100
25 100
25 100
25 75
25 50
25 25
25 25
25 25
50 25
50 25
75 25
350 350
375 350
400 350
425 350
450 350
475 350
475 350
475 350
475 350
475 375
475 400
475 425
475 425
475 400
475 400
475 375
475 350
475 350
475 350
475 375
475 375
475 400
475 425
475 425
475 425
475 425
475 400
475 400
475 375
475 350
475 350
475 350
475 375
475 375
475 400
475 425
475 425
475 425
475 400
475 400
475 375
475 350
475 350
475 350
450 350
450 350
425 350
400 350
375 350
350 350
325 350
300 350
275 350
250 350
225 350
200 350
175 350
150 350
150 350
150 350
150 350
150 375
150 400
150 425
150 425
150 400
150 400
150 375
150 350
150 350
150 350
175 350
175 350
200 350
225 350
250 350
275 350
300 350
325 350
350 350
375 350
400 350
425 350
450 350
475 350
475 350
450 350
450 350
425 350
400 350
375 350
350 350
325 350
300 350
275 350
250 350
225 350
200 350
175 350
150 350
150 350
150 350
150 350
150 350
150 350
175 350
200 350
200 350
225 350
250 350
275 350
300 350
325 350
350 350
375 350
400 350
425 350
450 350
475 350
475 350
450 350
450 350
425 350
400 350
375 350
350 350
325 350
300 350
275 350
250 350
225 350
200 350
175 350
150 350
150 350
175 350
175 350
200 350
225 350
250 350
275 350
300 350
325 350
350 350
375 350
400 350
425 350
450 350
475 350
475 350
450 350
450 350
425 350
400 350
375 350
350 350
325 350
300 350
275 350
250 350
225 350
200 350
175 350
150 350
150 350
150 375
150 400
150 425
150 425
150 400
150 400
150 375
150 350
150 350
150 350
175 350
200 350
200 350
225 350
250 350
275 350
300 350
325 350
350 350
375 350
400 350
425 350
450 350
475 350
475 350
475 350
450 350
450 350
425 350
400 350
375 350
350 350
325 350
300 350
275 350
250 350
225 350
200 350
175 350
150 350
150 350
150 375
150 400
150 425
150 425
150 400
150 400
150 375
150 350
150 350
150 350
150 375
150 375
150 400
150 425
150 425
150 425
150 400
150 375
150 350
150 350
150 350
150 350
175 350
175 350
200 350
225 350
250 350
275 350
300 350
325 350
350 350
375 350
400 350
425 350
450 350
475 350
475 350
475 375
475 400
475 425
475 425
475 425
475 400
475 400
475 375
475 350
475 350
475 375
475 375
475 400
475 425
475 425
475 425
475 400
475 400
475 375
475 350
475 350
450 350
425 350
425 350
400 350
375 350
350 350
325 350
300 350
275 350
250 350
225 350
200 350
175 350
150 350
150 350
150 350
150 350
150 350
150 350
150 350
175 350
200 350
200 350
225 350
250 350
275 350
300 350
325 350
350 350
375 350
400 350
425 350
450 350
475 350
475 350
475 350
450 350
450 350
425 350
400 350
375 350
350 350
325 350
300 350
275 350
250 350
225 350
200 350
175 350
150 350
150 350
150 350
175 350
200 350
200 350
225 350
250 350
275 350
300 350
325 350
350 350
375 350
400 350
425 350
450 350
475 350
475 350
475 350
475 350
450 350
450 350
425 350
400 350
375 350
350 350
325 350
300 350
275 350
250 350
225 350
200 350
175 350
150 350
150 350
150 350
175 350
200 350
200 350
225 350
250 350
275 350
300 350
325 350
350 350
375 350
400 350
425 350
450 350
475 350
475 350
475 375
475 400
475 425
475 425
475 425
475 425
475 425
475 425
475 400
475 375
475 350
475 350
450 350
425 350
425 350
400 350
375 350
350 350
325 350
300 350
275 350
250 350
225 350
200 350
175 350
150 350
150 350
150 375
150 400
150 425
150 425
150 400
150 400
150 375
150 350
150 350
150 350
150 375
150 400
150 425
150 425
150 425
150 425
150 425
150 425
150 400
150 400
150 375
150 350
150 350
175 350
200 350
200 350
225 350
250 350
275 350
300 350
325 350
350 350
375 350
400 350
425 350
450 350
475 350
475 350
475 375
475 400
475 425
475 425
475 425
475 425
475 400
475 400
475 375
475 350
475 350
475 350
475 350
475 350
475 350
450 350
450 350
425 350
400 350
375 350
350 350
325 350
300 350
275 350
250 350
225 350
200 350
175 350
150 350
150 350
150 375
150 400
150 425
150 425
150 400
150 400
150 375
150 350
150 350
150 375
150 375
150 400
150 425
150 425
150 400
150 400
150 375
150 350
150 350
150 375
150 375
150 400
150 425
150 425
150 400
150 400
150 375
150 350
150 350
150 375
150 375
150 400
150 425
150 425
125 425
100 425
75 425
75 425
50 425
25 425
25 425
25 425
25 425
25 425
25 425
25 425
25 425
50 425
75 425
75 425
100 425
125 425
150 425
150 425
150 425
125 425
100 425
75 425
75 425
50 425
25 425
25 425
25 425
50 425
75 425
75 425
100 425
125 425
150 425
150 425
150 425
125 425
125 425
100 425
75 425
50 425
25 425
25 425
25 425
25 425
25 425
50 425
50 425
75 425
100 425
125 425
150 425
150 425
150 425
150 400
150 400
150 375
150 350
150 350
150 375
150 375
150 400
150 425
150 425
150 425
125 425
125 425
100 425
75 425
50 425
25 425
25 425
25 425
25 425
25 425
25 425
50 425
50 425
75 425
100 425
125 425
150 425
150 425
150 400
150 375
150 350
150 350
150 350
150 375
150 400
150 425
150 425
150 400
150 400
150 375
150 350
150 350
150 375
150 375
150 400
150 425
150 425
150 425
150 425
150 425
150 425
150 425
150 425
150 425
150 425
150 425
150 400
150 400
150 375
150 350
150 350
150 350
150 350
150 375
150 375
150 400
150 425
150 425
150 400
150 400
150 375
150 350
150 350
150 350
150 350
150 350
150 375
150 375
150 400
150 425
150 425
125 425
100 425
75 425
75 425
50 425
25 425
25 425
25 425
25 425
25 425
25 425
25 425
25 425
25 425
25 425
25 425
25 425
25 425
25 425
25 425
25 425
25 425
50 425
50 425
75 425
100 425
125 425
150 425
150 425
150 425
150 425
150 425
150 425
150 400
150 400
150 375
150 350
150 350
150 350
150 350
150 350
175 350
200 350
200 350
225 350
250 350
275 350
300 350
325 350
350 350
375 350
400 350
425 350
450 350
475 350
475 350
475 350
475 350
475 375
475 375
475 400
475 425
475 425
475 400
475 400
475 375
475 350
475 350
475 350
475 350
475 375
475 375
475 400
475 425
475 425
475 425
475 425
475 400
475 375
475 350
475 350
475 350
475 375
475 375
475 400
475 425
475 425
475 425
475 425
475 425
500 425
500 425
525 425
550 425
575 425
600 425
600 425
600 425
600 425
575 425
550 425
550 425
525 425
500 425
475 425
475 425
500 425
500 425
525 425
550 425
575 425
600 425
600 425
600 425
575 425
575 425
550 425
525 425
500 425
475 425
475 425
500 425
500 425
525 425
550 425
575 425
600 425
600 425
575 425
575 425
550 425
525 425
500 425
475 425
475 425
475 425
475 425
475 400
475 375
475 350
475 350
475 350
475 350
475 350
475 375
475 375
475 400
475 425
475 425
475 425
475 400
475 400
475 375
475 350
475 350
475 350
475 350
475 350
475 350
450 350
425 350
425 350
400 350
375 350
350 350
325 350
300 350
275 350
250 350
225 350
200 350
175 350
150 350
150 350
150 350
175 350
175 350
200 350
225 350
250 350
275 350
300 350
325 350
350 350
375 350
400 350
425 350
450 350
475 350
475 350
450 350
450 350
425 350
400 350
375 350
350 350
325 350
300 350
275 350
250 350
225 350
200 350
175 350
150 350
150 350
150 350
150 375
150 375
150 400
150 425
150 425
150 425
125 425
100 425
75 425
75 425
50 425
25 425
25 425
25 425
25 425
25 425
25 425
50 425
50 425
75 425
100 425
125 425
150 425
150 425
150 400
150 375
150 350
150 350
175 350
200 350
200 350
225 350
250 350
275 350
300 350
325 350
350 350
375 350
400 350
425 350
450 350
475 350
475 350
475 375
475 400
475 425
475 425
500 425
525 425
550 425
550 425
575 425
600 425
600 425
600 425
575 425
575 425
550 425
525 425
500 425
475 425
475 425
475 400
475 375
475 350
475 350
475 350
475 350
475 350
475 350
450 350
450 350
425 350
400 350
375 350
350 350
325 350
300 350
275 350
250 350
225 350
200 350
175 350
150 350
150 350
150 350
150 350
150 350
175 350
200 350
200 350
225 350
250 350
275 350
300 350
325 350
350 350
375 350
400 350
425 350
450 350
475 350
475 350
450 350
450 350
425 350
400 350
375 350
350 350
325 350
300 350
275 350
250 350
225 350
200 350
175 350
150 350
150 350
150 375
150 400
150 425
150 425
125 425
100 425
75 425
75 425
50 425
25 425
25 425
25 425
25 425
25 425
25 425
25 425
25 425
25 425
25 425
25 425
25 425
25 425
25 425
25 425
25 425
25 425
25 425
25 425
50 425
75 425
75 425
100 425
125 425
150 425
150 425
150 425
150 400
150 375
150 350
150 350
150 350
150 350
175 350
175 350
200 350
225 350
250 350
275 350
300 350
325 350
350 350
375 350
400 350
425 350
450 350
475 350
475 350
475 350
475 350
450 350
425 350
425 350
400 350
375 350
350 350
325 350
300 350
275 350
250 350
225 350
200 350
175 350
150 350
150 350
150 350
150 350
150 350
175 350
200 350
200 350
225 350
250 350
275 350
300 350
325 350
350 350
375 350
400 350
350 350
375 350
400 350
425 350
450 350
475 350
475 350
475 350
475 350
475 350
450 350
450 350
425 350
400 350
375 350
350 350
325 350
300 350
275 350
250 350
225 350
200 350
175 350
150 350
150 350
150 375
150 400
150 425
150 425
125 425
100 425
75 425
75 425
50 425
25 425
25 425
25 425
25 425
25 425
25 425
25 425
25 425
50 425
75 425
75 425
100 425
125 425
150 425
150 425
150 400
150 375
150 350
150 350
150 375
150 375
150 400
150 425
150 425
150 400
150 400
150 375
150 350
150 350
150 350
150 350
150 375
150 400
150 425
150 425
150 400
150 400
150 375
150 350
150 350
150 375
150 375
150 400
150 425
150 425
150 400
150 400
150 375
150 350
150 350
150 375
150 375
150 400
150 425
150 425
150 400
150 400
150 375
150 350
150 350
150 350
150 375
150 375
150 400
150 425
150 425
150 425
150 425
150 425
125 425
100 425
75 425
75 425
50 425
25 425
25 425
25 425
50 425
50 425
75 425
100 425
125 425
150 425
150 425
150 425
150 425
150 400
150 375
150 350
150 350
150 375
150 375
150 400
150 425
150 425
150 400
150 400
150 375
150 350
150 350
150 350
150 375
150 375
150 400
150 425
150 425
125 425
100 425
75 425
75 425
50 425
25 425
25 425
25 425
25 425
25 425
50 425
75 425
75 425
100 425
125 425
150 425
150 425
150 425
150 425
150 400
150 400
150 375
150 350
150 350
150 350
150 375
150 400
150 425
150 425
150 425
150 425
150 425
150 425
150 425
150 425
125 425
100 425
75 425
75 425
50 425
25 425
25 425
25 425
50 425
75 425
75 425
100 425
125 425
150 425
150 425
150 425
150 425
150 425
125 425
125 425
100 425
75 425